=== QuantDev Winning Math Report ===
Generated: 2025-12-04T12:57:18-06:00
BaseDir:  data
OOS Cut:  2024-01-01 (YMD=20240101)


==================================================
SYMBOL: BTCUSDT
==================================================

-- BTCUSDT | Horizon: 0.500s (500 ms) --
FEATURE           SET  COUNT     IC      Sharpe  HitRate  B/E_Bps  AutoCorr  AutoCorrAbs  AvgSeg  MaxSeg
Force_DEMA_15s    IS   48439754  0.0762  0.061   0.555    0.68     0.871     0.815        92.63   20369
Force_DEMA_15s    OOS  22537460  0.1981  0.136   0.637    2.33     0.942     0.914        116.45  9225
Impulse_15s       IS   48439754  0.0572  0.046   0.541    0.52     0.864     0.813        138.41  22444
Impulse_15s       OOS  22537460  0.1600  0.114   0.609    1.89     0.940     0.914        176.69  12101
OFI_Cubic_15s     IS   48439754  0.0327  0.026   0.529    10.33    0.997     0.998        340.74  29050
OFI_Cubic_15s     OOS  22537460  0.0850  0.065   0.574    27.01    0.998     0.999        432.69  15223
OFI_DEMA_15s      IS   48439754  0.0589  0.055   0.555    5.41     0.987     0.986        92.63   20369
OFI_DEMA_15s      OOS  22537460  0.1401  0.111   0.637    14.41    0.995     0.994        116.45  9225
OFI_DEMA_5s       IS   48439754  0.0863  0.079   0.582    4.79     0.976     0.975        42.68   9378
OFI_DEMA_5s       OOS  22537460  0.1731  0.121   0.688    12.10    0.991     0.991        52.21   7841
OFI_EMA_15s       IS   48439754  0.0458  0.044   0.541    5.53     0.990     0.989        138.41  22444
OFI_EMA_15s       OOS  22537460  0.1224  0.102   0.609    15.58    0.996     0.996        176.69  12101
OFI_RSI_15s       IS   48439754  0.0524  0.059   0.541    4.82     0.994     0.990        138.41  22444
OFI_RSI_15s       OOS  22537460  0.1548  0.156   0.609    13.54    0.996     0.992        176.69  12101
OFI_Raw           IS   48439754  0.0709  0.036   0.555    0.30     0.109     0.093        3.11    1103
OFI_Raw           OOS  22537460  0.0937  0.052   0.694    0.35     0.065     0.060        3.94    1967
OFI_TEMA_15s      IS   48439754  0.0679  0.063   0.563    5.26     0.984     0.983        71.34   15912
OFI_TEMA_15s      OOS  22537460  0.1510  0.116   0.654    13.66    0.994     0.993        89.21   8509
Sniper_Composite  IS   48439754  0.0403  0.032   0.529    8.68     0.996     0.996        320.43  29050
Sniper_Composite  OOS  22537460  0.0972  0.075   0.575    23.38    0.998     0.998        420.90  15223
TCI_DEMA_15s      IS   48439754  0.0345  0.048   0.528    1.18     0.990     0.981        52.41   19093
TCI_DEMA_15s      OOS  22537460  0.0759  0.078   0.565    2.19     0.995     0.987        62.85   21454
TCI_EMA_15s       IS   48439754  0.0210  0.030   0.520    1.09     0.995     0.990        78.93   20009
TCI_EMA_15s       OOS  22537460  0.0521  0.055   0.548    2.34     0.998     0.995        98.00   28066
TCI_Raw           IS   48439754  0.1406  0.142   0.555    0.38     0.357     0.000        3.11    1103
TCI_Raw           OOS  22537460  0.3204  0.338   0.694    0.77     0.492     0.000        3.94    1967
Vel_Inst          IS   48439754  0.1074  0.072   0.555    0.30     0.381     0.286        3.11    1103
Vel_Inst          OOS  22537460  0.1924  0.112   0.694    0.44     0.290     0.239        3.94    1967

-- BTCUSDT | Horizon: 1.000s (1000 ms) --
FEATURE           SET  COUNT     IC      Sharpe  HitRate  B/E_Bps  AutoCorr  AutoCorrAbs  AvgSeg  MaxSeg
Force_DEMA_15s    IS   48439754  0.0728  0.059   0.552    0.81     0.871     0.815        92.63   20369
Force_DEMA_15s    OOS  22537460  0.1789  0.131   0.629    2.47     0.942     0.914        116.45  9225
Impulse_15s       IS   48439754  0.0554  0.045   0.539    0.63     0.864     0.813        138.41  22444
Impulse_15s       OOS  22537460  0.1448  0.110   0.602    2.01     0.940     0.914        176.69  12101
OFI_Cubic_15s     IS   48439754  0.0328  0.026   0.527    12.91    0.997     0.998        340.74  29050
OFI_Cubic_15s     OOS  22537460  0.0812  0.063   0.570    30.21    0.998     0.999        432.69  15223
OFI_DEMA_15s      IS   48439754  0.0573  0.055   0.552    6.56     0.987     0.986        92.63   20369
OFI_DEMA_15s      OOS  22537460  0.1291  0.106   0.629    15.56    0.995     0.994        116.45  9225
OFI_DEMA_5s       IS   48439754  0.0812  0.075   0.576    5.62     0.976     0.975        42.68   9378
OFI_DEMA_5s       OOS  22537460  0.1587  0.115   0.676    12.99    0.991     0.991        52.21   7841
OFI_EMA_15s       IS   48439754  0.0451  0.045   0.539    6.79     0.990     0.989        138.41  22444
OFI_EMA_15s       OOS  22537460  0.1127  0.096   0.602    16.80    0.996     0.996        176.69  12101
OFI_RSI_15s       IS   48439754  0.0500  0.057   0.539    5.74     0.994     0.990        138.41  22444
OFI_RSI_15s       OOS  22537460  0.1423  0.149   0.602    14.58    0.996     0.992        176.69  12101
OFI_Raw           IS   48439754  0.0656  0.038   0.553    0.34     0.109     0.093        3.11    1103
OFI_Raw           OOS  22537460  0.0832  0.047   0.681    0.36     0.065     0.060        3.94    1967
OFI_TEMA_15s      IS   48439754  0.0653  0.061   0.560    6.32     0.984     0.983        71.34   15912
OFI_TEMA_15s      OOS  22537460  0.1392  0.110   0.644    14.74    0.994     0.993        89.21   8509
Sniper_Composite  IS   48439754  0.0399  0.032   0.528    10.73    0.996     0.996        320.43  29050
Sniper_Composite  OOS  22537460  0.0921  0.072   0.570    25.96    0.998     0.998        420.90  15223
TCI_DEMA_15s      IS   48439754  0.0360  0.050   0.528    1.53     0.990     0.981        52.41   19093
TCI_DEMA_15s      OOS  22537460  0.0728  0.075   0.563    2.47     0.995     0.987        62.85   21454
TCI_EMA_15s       IS   48439754  0.0227  0.032   0.520    1.46     0.995     0.990        78.93   20009
TCI_EMA_15s       OOS  22537460  0.0489  0.053   0.546    2.57     0.998     0.995        98.00   28066
TCI_Raw           IS   48439754  0.1233  0.124   0.553    0.41     0.357     0.000        3.11    1103
TCI_Raw           OOS  22537460  0.2942  0.308   0.681    0.83     0.492     0.000        3.94    1967
Vel_Inst          IS   48439754  0.0956  0.066   0.553    0.33     0.381     0.286        3.11    1103
Vel_Inst          OOS  22537460  0.1674  0.101   0.681    0.45     0.290     0.239        3.94    1967

-- BTCUSDT | Horizon: 2.000s (2000 ms) --
FEATURE           SET  COUNT     IC      Sharpe  HitRate  B/E_Bps  AutoCorr  AutoCorrAbs  AvgSeg  MaxSeg
Force_DEMA_15s    IS   48439754  0.0623  0.052   0.547    0.93     0.871     0.815        92.63   20369
Force_DEMA_15s    OOS  22537460  0.1616  0.127   0.617    2.67     0.942     0.914        116.45  9225
Impulse_15s       IS   48439754  0.0471  0.039   0.535    0.71     0.864     0.813        138.41  22444
Impulse_15s       OOS  22537460  0.1315  0.104   0.593    2.18     0.940     0.914        176.69  12101
OFI_Cubic_15s     IS   48439754  0.0281  0.022   0.524    14.78    0.997     0.998        340.74  29050
OFI_Cubic_15s     OOS  22537460  0.0747  0.059   0.563    33.31    0.998     0.999        432.69  15223
OFI_DEMA_15s      IS   48439754  0.0509  0.049   0.547    7.78     0.987     0.986        92.63   20369
OFI_DEMA_15s      OOS  22537460  0.1198  0.100   0.617    17.29    0.995     0.994        116.45  9225
OFI_DEMA_5s       IS   48439754  0.0699  0.067   0.566    6.47     0.976     0.975        42.68   9378
OFI_DEMA_5s       OOS  22537460  0.1459  0.113   0.658    14.31    0.991     0.991        52.21   7841
OFI_EMA_15s       IS   48439754  0.0402  0.040   0.535    8.10     0.990     0.989        138.41  22444
OFI_EMA_15s       OOS  22537460  0.1045  0.090   0.593    18.68    0.996     0.996        176.69  12101
OFI_RSI_15s       IS   48439754  0.0428  0.049   0.535    6.57     0.994     0.990        138.41  22444
OFI_RSI_15s       OOS  22537460  0.1302  0.141   0.593    15.98    0.996     0.992        176.69  12101
OFI_Raw           IS   48439754  0.0561  0.035   0.550    0.39     0.109     0.093        3.11    1103
OFI_Raw           OOS  22537460  0.0745  0.046   0.662    0.39     0.065     0.060        3.94    1967
OFI_TEMA_15s      IS   48439754  0.0576  0.055   0.553    7.44     0.984     0.983        71.34   15912
OFI_TEMA_15s      OOS  22537460  0.1287  0.105   0.630    16.33    0.994     0.993        89.21   8509
Sniper_Composite  IS   48439754  0.0344  0.027   0.525    12.36    0.996     0.996        320.43  29050
Sniper_Composite  OOS  22537460  0.0849  0.067   0.564    28.67    0.998     0.998        420.90  15223
TCI_DEMA_15s      IS   48439754  0.0339  0.048   0.526    1.93     0.990     0.981        52.41   19093
TCI_DEMA_15s      OOS  22537460  0.0695  0.076   0.558    2.82     0.995     0.987        62.85   21454
TCI_EMA_15s       IS   48439754  0.0219  0.032   0.519    1.89     0.995     0.990        78.93   20009
TCI_EMA_15s       OOS  22537460  0.0463  0.053   0.542    2.93     0.998     0.995        98.00   28066
TCI_Raw           IS   48439754  0.1039  0.104   0.550    0.47     0.357     0.000        3.11    1103
TCI_Raw           OOS  22537460  0.2679  0.278   0.662    0.90     0.492     0.000        3.94    1967
Vel_Inst          IS   48439754  0.0812  0.057   0.550    0.37     0.381     0.286        3.11    1103
Vel_Inst          OOS  22537460  0.1484  0.094   0.662    0.48     0.290     0.239        3.94    1967

-- BTCUSDT | Horizon: 5.000s (5000 ms) --
FEATURE           SET  COUNT     IC      Sharpe  HitRate  B/E_Bps  AutoCorr  AutoCorrAbs  AvgSeg  MaxSeg
Force_DEMA_15s    IS   48439754  0.0374  0.032   0.534    0.84     0.871     0.815        92.63   20369
Force_DEMA_15s    OOS  22537460  0.1224  0.102   0.592    2.72     0.942     0.914        116.45  9225
Impulse_15s       IS   48439754  0.0260  0.023   0.525    0.59     0.864     0.813        138.41  22444
Impulse_15s       OOS  22537460  0.0987  0.081   0.574    2.20     0.940     0.914        176.69  12101
OFI_Cubic_15s     IS   48439754  0.0149  0.012   0.517    11.85    0.997     0.998        340.74  29050
OFI_Cubic_15s     OOS  22537460  0.0577  0.045   0.551    34.59    0.998     0.999        432.69  15223
OFI_DEMA_15s      IS   48439754  0.0353  0.037   0.534    8.16     0.987     0.986        92.63   20369
OFI_DEMA_15s      OOS  22537460  0.0930  0.078   0.592    18.06    0.995     0.994        116.45  9225
OFI_DEMA_5s       IS   48439754  0.0496  0.053   0.548    6.95     0.976     0.975        42.68   9378
OFI_DEMA_5s       OOS  22537460  0.1127  0.090   0.623    14.87    0.991     0.991        52.21   7841
OFI_EMA_15s       IS   48439754  0.0265  0.028   0.525    8.07     0.990     0.989        138.41  22444
OFI_EMA_15s       OOS  22537460  0.0812  0.070   0.574    19.51    0.996     0.996        176.69  12101
OFI_RSI_15s       IS   48439754  0.0238  0.028   0.525    5.52     0.994     0.990        138.41  22444
OFI_RSI_15s       OOS  22537460  0.1032  0.114   0.574    17.03    0.996     0.992        176.69  12101
OFI_Raw           IS   48439754  0.0378  0.025   0.541    0.40     0.109     0.093        3.11    1103
OFI_Raw           OOS  22537460  0.0566  0.039   0.627    0.40     0.065     0.060        3.94    1967
OFI_TEMA_15s      IS   48439754  0.0407  0.042   0.539    7.95     0.984     0.983        71.34   15912
OFI_TEMA_15s      OOS  22537460  0.0995  0.082   0.603    16.98    0.994     0.993        89.21   8509
Sniper_Composite  IS   48439754  0.0199  0.016   0.517    10.80    0.996     0.996        320.43  29050
Sniper_Composite  OOS  22537460  0.0652  0.052   0.551    29.62    0.998     0.998        420.90  15223
TCI_DEMA_15s      IS   48439754  0.0248  0.037   0.519    2.13     0.990     0.981        52.41   19093
TCI_DEMA_15s      OOS  22537460  0.0576  0.066   0.545    3.14     0.995     0.987        62.85   21454
TCI_EMA_15s       IS   48439754  0.0158  0.024   0.515    2.06     0.995     0.990        78.93   20009
TCI_EMA_15s       OOS  22537460  0.0380  0.045   0.533    3.23     0.998     0.995        98.00   28066
TCI_Raw           IS   48439754  0.0687  0.069   0.541    0.47     0.357     0.000        3.11    1103
TCI_Raw           OOS  22537460  0.2110  0.216   0.627    0.96     0.492     0.000        3.94    1967
Vel_Inst          IS   48439754  0.0523  0.037   0.541    0.36     0.381     0.286        3.11    1103
Vel_Inst          OOS  22537460  0.1101  0.075   0.627    0.48     0.290     0.239        3.94    1967

-- BTCUSDT | Horizon: 10.000s (10000 ms) --
FEATURE           SET  COUNT     IC      Sharpe  HitRate  B/E_Bps  AutoCorr  AutoCorrAbs  AvgSeg  MaxSeg
Force_DEMA_15s    IS   48439754  0.0197  0.017   0.523    0.60     0.871     0.815        92.63   20369
Force_DEMA_15s    OOS  22537460  0.0946  0.084   0.571    2.67     0.942     0.914        116.45  9225
Impulse_15s       IS   48439754  0.0103  0.009   0.515    0.32     0.864     0.813        138.41  22444
Impulse_15s       OOS  22537460  0.0739  0.064   0.556    2.10     0.940     0.914        176.69  12101
OFI_Cubic_15s     IS   48439754  0.0052  0.004   0.510    5.59     0.997     0.998        340.74  29050
OFI_Cubic_15s     OOS  22537460  0.0459  0.037   0.539    34.94    0.998     0.999        432.69  15223
OFI_DEMA_15s      IS   48439754  0.0232  0.027   0.523    7.29     0.987     0.986        92.63   20369
OFI_DEMA_15s      OOS  22537460  0.0735  0.066   0.571    18.13    0.995     0.994        116.45  9225
OFI_DEMA_5s       IS   48439754  0.0360  0.042   0.534    6.83     0.976     0.975        42.68   9378
OFI_DEMA_5s       OOS  22537460  0.0901  0.078   0.594    15.11    0.991     0.991        52.21   7841
OFI_EMA_15s       IS   48439754  0.0154  0.018   0.515    6.37     0.990     0.989        138.41  22444
OFI_EMA_15s       OOS  22537460  0.0628  0.057   0.556    19.18    0.996     0.996        176.69  12101
OFI_RSI_15s       IS   48439754  0.0105  0.013   0.515    3.30     0.994     0.990        138.41  22444
OFI_RSI_15s       OOS  22537460  0.0816  0.092   0.556    17.13    0.996     0.992        176.69  12101
OFI_Raw           IS   48439754  0.0272  0.017   0.534    0.39     0.109     0.093        3.11    1103
OFI_Raw           OOS  22537460  0.0442  0.034   0.600    0.40     0.065     0.060        3.94    1967
OFI_TEMA_15s      IS   48439754  0.0281  0.033   0.527    7.46     0.984     0.983        71.34   15912
OFI_TEMA_15s      OOS  22537460  0.0789  0.070   0.579    17.11    0.994     0.993        89.21   8509
Sniper_Composite  IS   48439754  0.0092  0.007   0.510    6.76     0.996     0.996        320.43  29050
Sniper_Composite  OOS  22537460  0.0522  0.043   0.539    30.13    0.998     0.998        420.90  15223
TCI_DEMA_15s      IS   48439754  0.0178  0.027   0.514    2.09     0.990     0.981        52.41   19093
TCI_DEMA_15s      OOS  22537460  0.0459  0.054   0.534    3.19     0.995     0.987        62.85   21454
TCI_EMA_15s       IS   48439754  0.0108  0.017   0.510    1.94     0.995     0.990        78.93   20009
TCI_EMA_15s       OOS  22537460  0.0298  0.036   0.525    3.22     0.998     0.995        98.00   28066
TCI_Raw           IS   48439754  0.0488  0.049   0.534    0.45     0.357     0.000        3.11    1103
TCI_Raw           OOS  22537460  0.1696  0.172   0.600    0.98     0.492     0.000        3.94    1967
Vel_Inst          IS   48439754  0.0362  0.025   0.534    0.34     0.381     0.286        3.11    1103
Vel_Inst          OOS  22537460  0.0839  0.062   0.600    0.46     0.290     0.239        3.94    1967

==================================================
SYMBOL: ETHUSDT
==================================================

-- ETHUSDT | Horizon: 0.500s (500 ms) --
FEATURE           SET  COUNT     IC      Sharpe  HitRate  B/E_Bps  AutoCorr  AutoCorrAbs  AvgSeg  MaxSeg
Force_DEMA_15s    IS   47260210  0.0642  0.054   0.555    0.47     0.868     0.682        65.68   17759
Force_DEMA_15s    OOS  22449811  0.1347  0.114   0.590    1.14     0.931     0.782        119.43  13988
Impulse_15s       IS   47260210  0.0440  0.037   0.541    0.32     0.858     0.684        97.31   21626
Impulse_15s       OOS  22449811  0.1049  0.087   0.565    0.87     0.927     0.790        177.93  17647
OFI_Cubic_15s     IS   47260210  0.0264  0.021   0.527    4.74     0.994     0.995        226.75  27943
OFI_Cubic_15s     OOS  22449811  0.0601  0.051   0.539    17.26    0.998     0.998        435.27  32656
OFI_DEMA_15s      IS   47260210  0.0583  0.049   0.555    3.22     0.963     0.964        65.68   17759
OFI_DEMA_15s      OOS  22449811  0.1043  0.081   0.590    10.86    0.994     0.993        119.43  13988
OFI_DEMA_5s       IS   47260210  0.0989  0.085   0.585    3.22     0.938     0.940        32.19   10420
OFI_DEMA_5s       OOS  22449811  0.1669  0.121   0.645    9.48     0.987     0.986        56.16   6814
OFI_EMA_15s       IS   47260210  0.0410  0.034   0.541    3.02     0.972     0.972        97.31   21626
OFI_EMA_15s       OOS  22449811  0.0796  0.060   0.565    11.45    0.996     0.996        177.93  17647
OFI_RSI_15s       IS   47260210  0.0521  0.056   0.541    3.81     0.988     0.982        97.31   21626
OFI_RSI_15s       OOS  22449811  0.1084  0.110   0.565    10.78    0.995     0.992        177.93  17647
OFI_Raw           IS   47260210  0.0913  0.063   0.569    0.33     0.263     0.228        3.44    689
OFI_Raw           OOS  22449811  0.1400  0.091   0.708    0.40     0.138     0.118        4.44    1061
OFI_TEMA_15s      IS   47260210  0.0712  0.059   0.565    3.29     0.957     0.958        51.56   13403
OFI_TEMA_15s      OOS  22449811  0.1228  0.096   0.606    10.44    0.993     0.992        92.84   10244
Sniper_Composite  IS   47260210  0.0349  0.027   0.527    4.20     0.991     0.990        204.43  27943
Sniper_Composite  OOS  22449811  0.0661  0.054   0.540    15.02    0.998     0.998        421.17  32656
TCI_DEMA_15s      IS   47260210  0.0358  0.045   0.529    1.06     0.977     0.965        40.14   12131
TCI_DEMA_15s      OOS  22449811  0.0547  0.066   0.543    1.96     0.995     0.988        66.57   12480
TCI_EMA_15s       IS   47260210  0.0194  0.025   0.520    0.85     0.988     0.980        59.17   25608
TCI_EMA_15s       OOS  22449811  0.0335  0.040   0.528    1.84     0.998     0.995        102.55  36686
TCI_Raw           IS   47260210  0.1434  0.145   0.569    0.49     0.418     0.000        3.44    689
TCI_Raw           OOS  22449811  0.3220  0.340   0.708    1.00     0.550     0.000        4.44    1061
Vel_Inst          IS   47260210  0.1329  0.105   0.569    0.40     0.479     0.330        3.44    689
Vel_Inst          OOS  22449811  0.2522  0.177   0.708    0.53     0.408     0.293        4.44    1061

-- ETHUSDT | Horizon: 1.000s (1000 ms) --
FEATURE           SET  COUNT     IC      Sharpe  HitRate  B/E_Bps  AutoCorr  AutoCorrAbs  AvgSeg  MaxSeg
Force_DEMA_15s    IS   47260210  0.0603  0.051   0.552    0.56     0.868     0.682        65.68   17759
Force_DEMA_15s    OOS  22449811  0.1175  0.101   0.582    1.18     0.931     0.782        119.43  13988
Impulse_15s       IS   47260210  0.0416  0.035   0.539    0.38     0.858     0.684        97.31   21626
Impulse_15s       OOS  22449811  0.0901  0.076   0.559    0.89     0.927     0.790        177.93  17647
OFI_Cubic_15s     IS   47260210  0.0264  0.021   0.526    5.96     0.994     0.995        226.75  27943
OFI_Cubic_15s     OOS  22449811  0.0502  0.043   0.535    17.16    0.998     0.998        435.27  32656
OFI_DEMA_15s      IS   47260210  0.0574  0.050   0.552    3.97     0.963     0.964        65.68   17759
OFI_DEMA_15s      OOS  22449811  0.0916  0.075   0.582    11.37    0.994     0.993        119.43  13988
OFI_DEMA_5s       IS   47260210  0.0944  0.084   0.577    3.86     0.938     0.940        32.19   10420
OFI_DEMA_5s       OOS  22449811  0.1477  0.115   0.631    9.99     0.987     0.986        56.16   6814
OFI_EMA_15s       IS   47260210  0.0411  0.036   0.539    3.80     0.972     0.972        97.31   21626
OFI_EMA_15s       OOS  22449811  0.0689  0.055   0.559    11.80    0.996     0.996        177.93  17647
OFI_RSI_15s       IS   47260210  0.0498  0.055   0.539    4.58     0.988     0.982        97.31   21626
OFI_RSI_15s       OOS  22449811  0.0945  0.098   0.559    11.20    0.995     0.992        177.93  17647
OFI_Raw           IS   47260210  0.0850  0.063   0.563    0.38     0.263     0.228        3.44    689
OFI_Raw           OOS  22449811  0.1198  0.082   0.684    0.40     0.138     0.118        4.44    1061
OFI_TEMA_15s      IS   47260210  0.0692  0.060   0.560    4.02     0.957     0.958        51.56   13403
OFI_TEMA_15s      OOS  22449811  0.1084  0.090   0.596    10.99    0.993     0.992        92.84   10244
Sniper_Composite  IS   47260210  0.0349  0.028   0.526    5.26     0.991     0.990        204.43  27943
Sniper_Composite  OOS  22449811  0.0560  0.046   0.536    15.16    0.998     0.998        421.17  32656
TCI_DEMA_15s      IS   47260210  0.0376  0.049   0.529    1.40     0.977     0.965        40.14   12131
TCI_DEMA_15s      OOS  22449811  0.0510  0.062   0.540    2.18     0.995     0.988        66.57   12480
TCI_EMA_15s       IS   47260210  0.0215  0.029   0.521    1.19     0.988     0.980        59.17   25608
TCI_EMA_15s       OOS  22449811  0.0310  0.037   0.526    2.03     0.998     0.995        102.55  36686
TCI_Raw           IS   47260210  0.1262  0.127   0.563    0.55     0.418     0.000        3.44    689
TCI_Raw           OOS  22449811  0.2876  0.300   0.684    1.07     0.550     0.000        4.44    1061
Vel_Inst          IS   47260210  0.1164  0.093   0.563    0.44     0.479     0.330        3.44    689
Vel_Inst          OOS  22449811  0.2186  0.159   0.684    0.54     0.408     0.293        4.44    1061

-- ETHUSDT | Horizon: 2.000s (2000 ms) --
FEATURE           SET  COUNT     IC      Sharpe  HitRate  B/E_Bps  AutoCorr  AutoCorrAbs  AvgSeg  MaxSeg
Force_DEMA_15s    IS   47260210  0.0517  0.044   0.545    0.64     0.868     0.682        65.68   17759
Force_DEMA_15s    OOS  22449811  0.0953  0.083   0.568    1.19     0.931     0.782        119.43  13988
Impulse_15s       IS   47260210  0.0358  0.030   0.535    0.43     0.858     0.684        97.31   21626
Impulse_15s       OOS  22449811  0.0712  0.061   0.549    0.87     0.927     0.790        177.93  17647
OFI_Cubic_15s     IS   47260210  0.0239  0.019   0.523    7.20     0.994     0.995        226.75  27943
OFI_Cubic_15s     OOS  22449811  0.0387  0.034   0.529    16.43    0.998     0.998        435.27  32656
OFI_DEMA_15s      IS   47260210  0.0516  0.048   0.545    4.77     0.963     0.964        65.68   17759
OFI_DEMA_15s      OOS  22449811  0.0758  0.067   0.568    11.68    0.994     0.993        119.43  13988
OFI_DEMA_5s       IS   47260210  0.0833  0.078   0.565    4.55     0.938     0.940        32.19   10420
OFI_DEMA_5s       OOS  22449811  0.1226  0.107   0.609    10.31    0.987     0.986        56.16   6814
OFI_EMA_15s       IS   47260210  0.0374  0.035   0.535    4.62     0.972     0.972        97.31   21626
OFI_EMA_15s       OOS  22449811  0.0558  0.049   0.549    11.88    0.996     0.996        177.93  17647
OFI_RSI_15s       IS   47260210  0.0437  0.049   0.535    5.36     0.988     0.982        97.31   21626
OFI_RSI_15s       OOS  22449811  0.0766  0.082   0.549    11.28    0.995     0.992        177.93  17647
OFI_Raw           IS   47260210  0.0746  0.058   0.555    0.45     0.263     0.228        3.44    689
OFI_Raw           OOS  22449811  0.0989  0.071   0.652    0.42     0.138     0.118        4.44    1061
OFI_TEMA_15s      IS   47260210  0.0620  0.057   0.552    4.80     0.957     0.958        51.56   13403
OFI_TEMA_15s      OOS  22449811  0.0902  0.082   0.580    11.35    0.993     0.992        92.84   10244
Sniper_Composite  IS   47260210  0.0314  0.025   0.523    6.33     0.991     0.990        204.43  27943
Sniper_Composite  OOS  22449811  0.0446  0.038   0.529    14.98    0.998     0.998        421.17  32656
TCI_DEMA_15s      IS   47260210  0.0347  0.046   0.526    1.72     0.977     0.965        40.14   12131
TCI_DEMA_15s      OOS  22449811  0.0440  0.055   0.532    2.34     0.995     0.988        66.57   12480
TCI_EMA_15s       IS   47260210  0.0204  0.028   0.519    1.50     0.988     0.980        59.17   25608
TCI_EMA_15s       OOS  22449811  0.0261  0.032   0.521    2.13     0.998     0.995        102.55  36686
TCI_Raw           IS   47260210  0.1060  0.107   0.555    0.61     0.418     0.000        3.44    689
TCI_Raw           OOS  22449811  0.2445  0.252   0.652    1.13     0.550     0.000        4.44    1061
Vel_Inst          IS   47260210  0.0983  0.080   0.555    0.50     0.479     0.330        3.44    689
Vel_Inst          OOS  22449811  0.1819  0.137   0.652    0.56     0.408     0.293        4.44    1061

-- ETHUSDT | Horizon: 5.000s (5000 ms) --
FEATURE           SET  COUNT     IC      Sharpe  HitRate  B/E_Bps  AutoCorr  AutoCorrAbs  AvgSeg  MaxSeg
Force_DEMA_15s    IS   47260210  0.0266  0.023   0.532    0.49     0.868     0.682        65.68   17759
Force_DEMA_15s    OOS  22449811  0.0589  0.053   0.545    1.00     0.931     0.782        119.43  13988
Impulse_15s       IS   47260210  0.0145  0.012   0.524    0.26     0.858     0.684        97.31   21626
Impulse_15s       OOS  22449811  0.0408  0.036   0.532    0.68     0.927     0.790        177.93  17647
OFI_Cubic_15s     IS   47260210  0.0101  0.008   0.516    4.52     0.994     0.995        226.75  27943
OFI_Cubic_15s     OOS  22449811  0.0196  0.017   0.519    11.21    0.998     0.998        435.27  32656
OFI_DEMA_15s      IS   47260210  0.0329  0.032   0.532    4.53     0.963     0.964        65.68   17759
OFI_DEMA_15s      OOS  22449811  0.0517  0.047   0.545    10.75    0.994     0.993        119.43  13988
OFI_DEMA_5s       IS   47260210  0.0556  0.054   0.546    4.53     0.938     0.940        32.19   10420
OFI_DEMA_5s       OOS  22449811  0.0859  0.081   0.574    9.74     0.987     0.986        56.16   6814
OFI_EMA_15s       IS   47260210  0.0225  0.022   0.524    4.16     0.972     0.972        97.31   21626
OFI_EMA_15s       OOS  22449811  0.0356  0.031   0.532    10.21    0.996     0.996        177.93  17647
OFI_RSI_15s       IS   47260210  0.0250  0.028   0.524    4.58     0.988     0.982        97.31   21626
OFI_RSI_15s       OOS  22449811  0.0489  0.053   0.532    9.70     0.995     0.992        177.93  17647
OFI_Raw           IS   47260210  0.0497  0.040   0.542    0.45     0.263     0.228        3.44    689
OFI_Raw           OOS  22449811  0.0700  0.056   0.605    0.40     0.138     0.118        4.44    1061
OFI_TEMA_15s      IS   47260210  0.0403  0.039   0.536    4.66     0.957     0.958        51.56   13403
OFI_TEMA_15s      OOS  22449811  0.0627  0.059   0.553    10.65    0.993     0.992        92.84   10244
Sniper_Composite  IS   47260210  0.0152  0.012   0.516    4.56     0.991     0.990        204.43  27943
Sniper_Composite  OOS  22449811  0.0261  0.022   0.519    11.84    0.998     0.998        421.17  32656
TCI_DEMA_15s      IS   47260210  0.0234  0.032   0.517    1.74     0.977     0.965        40.14   12131
TCI_DEMA_15s      OOS  22449811  0.0299  0.037   0.519    2.15     0.995     0.988        66.57   12480
TCI_EMA_15s       IS   47260210  0.0129  0.019   0.513    1.43     0.988     0.980        59.17   25608
TCI_EMA_15s       OOS  22449811  0.0161  0.020   0.512    1.79     0.998     0.995        102.55  36686
TCI_Raw           IS   47260210  0.0696  0.070   0.542    0.60     0.418     0.000        3.44    689
TCI_Raw           OOS  22449811  0.1812  0.184   0.605    1.13     0.550     0.000        4.44    1061
Vel_Inst          IS   47260210  0.0629  0.052   0.542    0.48     0.479     0.330        3.44    689
Vel_Inst          OOS  22449811  0.1297  0.105   0.605    0.54     0.408     0.293        4.44    1061

-- ETHUSDT | Horizon: 10.000s (10000 ms) --
FEATURE           SET  COUNT     IC       Sharpe  HitRate  B/E_Bps  AutoCorr  AutoCorrAbs  AvgSeg  MaxSeg
Force_DEMA_15s    IS   47260210  0.0097   0.009   0.520    0.24     0.868     0.682        65.68   17759
Force_DEMA_15s    OOS  22449811  0.0374   0.034   0.528    0.82     0.931     0.782        119.43  13988
Impulse_15s       IS   47260210  -0.0006  -0.000  0.514    -0.01    0.858     0.684        97.31   21626
Impulse_15s       OOS  22449811  0.0224   0.020   0.520    0.48     0.927     0.790        177.93  17647
OFI_Cubic_15s     IS   47260210  -0.0008  -0.001  0.510    -0.51    0.994     0.995        226.75  27943
OFI_Cubic_15s     OOS  22449811  0.0105   0.009   0.511    7.80     0.998     0.998        435.27  32656
OFI_DEMA_15s      IS   47260210  0.0193   0.019   0.520    3.55     0.963     0.964        65.68   17759
OFI_DEMA_15s      OOS  22449811  0.0366   0.033   0.528    9.91     0.994     0.993        119.43  13988
OFI_DEMA_5s       IS   47260210  0.0383   0.040   0.532    4.15     0.938     0.940        32.19   10420
OFI_DEMA_5s       OOS  22449811  0.0626   0.062   0.548    9.25     0.987     0.986        56.16   6814
OFI_EMA_15s       IS   47260210  0.0109   0.011   0.514    2.70     0.972     0.972        97.31   21626
OFI_EMA_15s       OOS  22449811  0.0237   0.021   0.520    8.85     0.996     0.996        177.93  17647
OFI_RSI_15s       IS   47260210  0.0110   0.013   0.514    2.70     0.988     0.982        97.31   21626
OFI_RSI_15s       OOS  22449811  0.0324   0.036   0.520    8.40     0.995     0.992        177.93  17647
OFI_Raw           IS   47260210  0.0373   0.031   0.534    0.45     0.263     0.228        3.44    689
OFI_Raw           OOS  22449811  0.0504   0.043   0.575    0.37     0.138     0.118        4.44    1061
OFI_TEMA_15s      IS   47260210  0.0256   0.026   0.523    3.94     0.957     0.958        51.56   13403
OFI_TEMA_15s      OOS  22449811  0.0451   0.043   0.534    9.97     0.993     0.992        92.84   10244
Sniper_Composite  IS   47260210  0.0022   0.002   0.510    0.87     0.991     0.990        204.43  27943
Sniper_Composite  OOS  22449811  0.0166   0.014   0.512    9.76     0.998     0.998        421.17  32656
TCI_DEMA_15s      IS   47260210  0.0164   0.023   0.511    1.63     0.977     0.965        40.14   12131
TCI_DEMA_15s      OOS  22449811  0.0214   0.027   0.512    2.01     0.995     0.988        66.57   12480
TCI_EMA_15s       IS   47260210  0.0082   0.012   0.509    1.23     0.988     0.980        59.17   25608
TCI_EMA_15s       OOS  22449811  0.0107   0.014   0.508    1.57     0.998     0.995        102.55  36686
TCI_Raw           IS   47260210  0.0515   0.051   0.534    0.59     0.418     0.000        3.44    689
TCI_Raw           OOS  22449811  0.1353   0.137   0.575    1.10     0.550     0.000        4.44    1061
Vel_Inst          IS   47260210  0.0458   0.038   0.534    0.46     0.479     0.330        3.44    689
Vel_Inst          OOS  22449811  0.0938   0.079   0.575    0.51     0.408     0.293        4.44    1061
