=== QuantDev Streaming Winning Math Report ===
Generated: 2025-12-04T15:25:34-06:00
BaseDir:  data
OOS Cut:  2024-01-01 (YMD=20240101)

==================================================
SYMBOL: BTCUSDT
==================================================

-- BTCUSDT | Horizon: 0.500s (500 ms) --
FEATURE	SET	COUNT	IC	IC_T	Sharpe	HitRate	B/E_Bps	AutoCorr	AutoCorrAbs	AvgSeg	MaxSeg	MeanSig	StdSig	MeanRet	StdRet	MeanPnL	StdPnL
Force_DEMA_15s  	IS	48439754	0.0762	37.122	0.061	0.555	0.68	0.871	0.815	92.63	20369	-0.0086	15.2088	0.000000	0.000173	0.000200	0.003307
Force_DEMA_15s  	OOS	22537460	0.1981	47.990	0.136	0.637	2.33	0.942	0.914	116.45	9225	-0.0557	14.6733	0.000000	0.000122	0.000355	0.002615
Impulse_15s     	IS	48439754	0.0572	31.170	0.046	0.541	0.52	0.864	0.813	138.41	22444	0.0041	12.1704	0.000000	0.000173	0.000120	0.002610
Impulse_15s     	OOS	22537460	0.1600	40.831	0.114	0.609	1.89	0.940	0.914	176.69	12101	-0.0864	10.9292	0.000000	0.000122	0.000213	0.001867
OFI_Cubic_15s   	IS	48439754	0.0327	26.242	0.026	0.529	10.33	0.997	0.998	340.74	29050	0.0006	2.7652	0.000000	0.000173	0.000016	0.000602
OFI_Cubic_15s   	OOS	22537460	0.0850	32.348	0.065	0.574	27.01	0.998	0.999	432.69	15223	-0.0167	2.3503	0.000000	0.000122	0.000024	0.000377
OFI_DEMA_15s    	IS	48439754	0.0589	40.651	0.055	0.555	5.41	0.987	0.986	92.63	20369	0.0011	0.3948	0.000000	0.000173	0.000004	0.000073
OFI_DEMA_15s    	OOS	22537460	0.1401	46.464	0.111	0.637	14.41	0.995	0.994	116.45	9225	-0.0038	0.2913	0.000000	0.000122	0.000005	0.000045
OFI_DEMA_5s     	IS	48439754	0.0863	54.892	0.079	0.582	4.79	0.976	0.975	42.68	9378	0.0015	0.6795	0.000000	0.000173	0.000010	0.000128
OFI_DEMA_5s     	OOS	22537460	0.1731	57.789	0.121	0.688	12.10	0.991	0.991	52.21	7841	-0.0061	0.6057	0.000000	0.000122	0.000013	0.000105
OFI_EMA_15s     	IS	48439754	0.0458	33.911	0.044	0.541	5.53	0.990	0.989	138.41	22444	0.0010	0.2607	0.000000	0.000173	0.000002	0.000046
OFI_EMA_15s     	OOS	22537460	0.1224	40.705	0.102	0.609	15.58	0.996	0.996	176.69	12101	-0.0027	0.1761	0.000000	0.000122	0.000003	0.000026
OFI_RSI_15s     	IS	48439754	0.0524	36.601	0.059	0.541	4.82	0.994	0.990	138.41	22444	0.0006	0.4112	0.000000	0.000173	0.000004	0.000063
OFI_RSI_15s     	OOS	22537460	0.1548	47.291	0.156	0.609	13.54	0.996	0.992	176.69	12101	-0.0050	0.4577	0.000000	0.000122	0.000009	0.000055
OFI_Raw         	IS	48439754	0.0709	90.854	0.036	0.555	0.30	0.109	0.093	3.11	1103	-0.0011	1.2637	0.000000	0.000173	0.000015	0.000425
OFI_Raw         	OOS	22537460	0.0937	103.281	0.052	0.694	0.35	0.065	0.060	3.94	1967	-0.0009	0.7498	0.000000	0.000122	0.000009	0.000166
OFI_TEMA_15s    	IS	48439754	0.0679	45.198	0.063	0.563	5.26	0.984	0.983	71.34	15912	0.0012	0.4947	0.000000	0.000173	0.000006	0.000093
OFI_TEMA_15s    	OOS	22537460	0.1510	50.169	0.116	0.654	13.66	0.994	0.993	89.21	8509	-0.0045	0.3888	0.000000	0.000122	0.000007	0.000062
Sniper_Composite	IS	48439754	0.0403	30.014	0.032	0.529	8.68	0.996	0.996	320.43	29050	0.0009	1.5400	0.000000	0.000173	0.000011	0.000331
Sniper_Composite	OOS	22537460	0.0972	35.779	0.075	0.575	23.38	0.998	0.998	420.90	15223	-0.0114	1.3343	0.000000	0.000122	0.000016	0.000212
TCI_DEMA_15s    	IS	48439754	0.0345	28.847	0.048	0.528	1.18	0.990	0.981	52.41	19093	0.0067	0.3273	0.000000	0.000173	0.000002	0.000041
TCI_DEMA_15s    	OOS	22537460	0.0759	27.839	0.078	0.565	2.19	0.995	0.987	62.85	21454	-0.0095	0.3374	0.000000	0.000122	0.000003	0.000040
TCI_EMA_15s     	IS	48439754	0.0210	17.891	0.030	0.520	1.09	0.995	0.990	78.93	20009	0.0070	0.2592	0.000000	0.000173	0.000001	0.000032
TCI_EMA_15s     	OOS	22537460	0.0521	18.829	0.055	0.548	2.34	0.998	0.995	98.00	28066	-0.0093	0.2700	0.000000	0.000122	0.000002	0.000031
TCI_Raw         	IS	48439754	0.1406	76.398	0.142	0.555	0.38	0.357	0.000	3.11	1103	-0.0019	1.0000	0.000000	0.000173	0.000024	0.000171
TCI_Raw         	OOS	22537460	0.3204	113.301	0.338	0.694	0.77	0.492	0.000	3.94	1967	-0.0093	1.0000	0.000000	0.000122	0.000039	0.000116
Vel_Inst        	IS	48439754	0.1074	66.446	0.072	0.555	0.30	0.381	0.286	3.11	1103	-0.0747	17.7849	0.000000	0.000173	0.000330	0.004587
Vel_Inst        	OOS	22537460	0.1924	90.708	0.112	0.694	0.44	0.290	0.239	3.94	1967	-0.0450	11.5836	0.000000	0.000122	0.000272	0.002432

-- BTCUSDT | Horizon: 1.000s (1000 ms) --
FEATURE	SET	COUNT	IC	IC_T	Sharpe	HitRate	B/E_Bps	AutoCorr	AutoCorrAbs	AvgSeg	MaxSeg	MeanSig	StdSig	MeanRet	StdRet	MeanPnL	StdPnL
Force_DEMA_15s  	IS	48439754	0.0728	32.812	0.059	0.552	0.81	0.871	0.815	92.63	20369	-0.0086	15.2088	0.000001	0.000216	0.000239	0.004042
Force_DEMA_15s  	OOS	22537460	0.1789	42.172	0.131	0.629	2.47	0.942	0.914	116.45	9225	-0.0557	14.6733	0.000000	0.000143	0.000375	0.002856
Impulse_15s     	IS	48439754	0.0554	26.849	0.045	0.539	0.63	0.864	0.813	138.41	22444	0.0041	12.1704	0.000001	0.000216	0.000145	0.003204
Impulse_15s     	OOS	22537460	0.1448	35.725	0.110	0.602	2.01	0.940	0.914	176.69	12101	-0.0864	10.9292	0.000000	0.000143	0.000226	0.002064
OFI_Cubic_15s   	IS	48439754	0.0328	21.777	0.026	0.527	12.91	0.997	0.998	340.74	29050	0.0006	2.7652	0.000001	0.000216	0.000020	0.000754
OFI_Cubic_15s   	OOS	22537460	0.0812	29.442	0.063	0.570	30.21	0.998	0.999	432.69	15223	-0.0167	2.3503	0.000000	0.000143	0.000027	0.000433
OFI_DEMA_15s    	IS	48439754	0.0573	34.248	0.055	0.552	6.56	0.987	0.986	92.63	20369	0.0011	0.3948	0.000001	0.000216	0.000005	0.000089
OFI_DEMA_15s    	OOS	22537460	0.1291	40.734	0.106	0.629	15.56	0.995	0.994	116.45	9225	-0.0038	0.2913	0.000000	0.000143	0.000005	0.000051
OFI_DEMA_5s     	IS	48439754	0.0812	46.633	0.075	0.576	5.62	0.976	0.975	42.68	9378	0.0015	0.6795	0.000001	0.000216	0.000012	0.000158
OFI_DEMA_5s     	OOS	22537460	0.1587	50.721	0.115	0.676	12.99	0.991	0.991	52.21	7841	-0.0061	0.6057	0.000000	0.000143	0.000014	0.000119
OFI_EMA_15s     	IS	48439754	0.0451	27.856	0.045	0.539	6.79	0.990	0.989	138.41	22444	0.0010	0.2607	0.000001	0.000216	0.000003	0.000057
OFI_EMA_15s     	OOS	22537460	0.1127	35.499	0.096	0.602	16.80	0.996	0.996	176.69	12101	-0.0027	0.1761	0.000000	0.000143	0.000003	0.000029
OFI_RSI_15s     	IS	48439754	0.0500	30.452	0.057	0.539	5.74	0.994	0.990	138.41	22444	0.0006	0.4112	0.000001	0.000216	0.000004	0.000078
OFI_RSI_15s     	OOS	22537460	0.1423	41.424	0.149	0.602	14.58	0.996	0.992	176.69	12101	-0.0050	0.4577	0.000000	0.000143	0.000009	0.000062
OFI_Raw         	IS	48439754	0.0656	86.771	0.038	0.553	0.34	0.109	0.093	3.11	1103	-0.0011	1.2637	0.000001	0.000216	0.000018	0.000472
OFI_Raw         	OOS	22537460	0.0832	88.490	0.047	0.681	0.36	0.065	0.060	3.94	1967	-0.0009	0.7498	0.000000	0.000143	0.000009	0.000188
OFI_TEMA_15s    	IS	48439754	0.0653	38.311	0.061	0.560	6.32	0.984	0.983	71.34	15912	0.0012	0.4947	0.000001	0.000216	0.000007	0.000113
OFI_TEMA_15s    	OOS	22537460	0.1392	44.027	0.110	0.644	14.74	0.994	0.993	89.21	8509	-0.0045	0.3888	0.000000	0.000143	0.000008	0.000070
Sniper_Composite	IS	48439754	0.0399	25.200	0.032	0.528	10.73	0.996	0.996	320.43	29050	0.0009	1.5400	0.000001	0.000216	0.000013	0.000414
Sniper_Composite	OOS	22537460	0.0921	32.444	0.072	0.570	25.96	0.998	0.998	420.90	15223	-0.0114	1.3343	0.000000	0.000143	0.000018	0.000243
TCI_DEMA_15s    	IS	48439754	0.0360	24.288	0.050	0.528	1.53	0.990	0.981	52.41	19093	0.0067	0.3273	0.000001	0.000216	0.000003	0.000051
TCI_DEMA_15s    	OOS	22537460	0.0728	25.796	0.075	0.563	2.47	0.995	0.987	62.85	21454	-0.0095	0.3374	0.000000	0.000143	0.000004	0.000046
TCI_EMA_15s     	IS	48439754	0.0227	14.369	0.032	0.520	1.46	0.995	0.990	78.93	20009	0.0070	0.2592	0.000001	0.000216	0.000001	0.000039
TCI_EMA_15s     	OOS	22537460	0.0489	16.870	0.053	0.546	2.57	0.998	0.995	98.00	28066	-0.0093	0.2700	0.000000	0.000143	0.000002	0.000035
TCI_Raw         	IS	48439754	0.1233	73.583	0.124	0.553	0.41	0.357	0.000	3.11	1103	-0.0019	1.0000	0.000001	0.000216	0.000027	0.000214
TCI_Raw         	OOS	22537460	0.2942	101.701	0.308	0.681	0.83	0.492	0.000	3.94	1967	-0.0093	1.0000	0.000000	0.000143	0.000042	0.000137
Vel_Inst        	IS	48439754	0.0956	63.522	0.066	0.553	0.33	0.381	0.286	3.11	1103	-0.0747	17.7849	0.000001	0.000216	0.000367	0.005543
Vel_Inst        	OOS	22537460	0.1674	75.267	0.101	0.681	0.45	0.290	0.239	3.94	1967	-0.0450	11.5836	0.000000	0.000143	0.000277	0.002745

-- BTCUSDT | Horizon: 2.000s (2000 ms) --
FEATURE	SET	COUNT	IC	IC_T	Sharpe	HitRate	B/E_Bps	AutoCorr	AutoCorrAbs	AvgSeg	MaxSeg	MeanSig	StdSig	MeanRet	StdRet	MeanPnL	StdPnL
Force_DEMA_15s  	IS	48439754	0.0623	27.013	0.052	0.547	0.93	0.871	0.815	92.63	20369	-0.0086	15.2088	0.000001	0.000288	0.000273	0.005290
Force_DEMA_15s  	OOS	22537460	0.1616	37.659	0.127	0.617	2.67	0.942	0.914	116.45	9225	-0.0557	14.6733	-0.000000	0.000171	0.000406	0.003203
Impulse_15s     	IS	48439754	0.0471	21.066	0.039	0.535	0.71	0.864	0.813	138.41	22444	0.0041	12.1704	0.000001	0.000288	0.000165	0.004184
Impulse_15s     	OOS	22537460	0.1315	32.064	0.104	0.593	2.18	0.940	0.914	176.69	12101	-0.0864	10.9292	-0.000000	0.000171	0.000246	0.002359
OFI_Cubic_15s   	IS	48439754	0.0281	15.904	0.022	0.524	14.78	0.997	0.998	340.74	29050	0.0006	2.7652	0.000001	0.000288	0.000022	0.001021
OFI_Cubic_15s   	OOS	22537460	0.0747	26.513	0.059	0.563	33.31	0.998	0.999	432.69	15223	-0.0167	2.3503	-0.000000	0.000171	0.000030	0.000511
OFI_DEMA_15s    	IS	48439754	0.0509	27.158	0.049	0.547	7.78	0.987	0.986	92.63	20369	0.0011	0.3948	0.000001	0.000288	0.000006	0.000118
OFI_DEMA_15s    	OOS	22537460	0.1198	35.779	0.100	0.617	17.29	0.995	0.994	116.45	9225	-0.0038	0.2913	-0.000000	0.000171	0.000006	0.000060
OFI_DEMA_5s     	IS	48439754	0.0699	38.461	0.067	0.566	6.47	0.976	0.975	42.68	9378	0.0015	0.6795	0.000001	0.000288	0.000014	0.000203
OFI_DEMA_5s     	OOS	22537460	0.1459	44.865	0.113	0.658	14.31	0.991	0.991	52.21	7841	-0.0061	0.6057	-0.000000	0.000171	0.000015	0.000134
OFI_EMA_15s     	IS	48439754	0.0402	20.989	0.040	0.535	8.10	0.990	0.989	138.41	22444	0.0010	0.2607	0.000001	0.000288	0.000003	0.000076
OFI_EMA_15s     	OOS	22537460	0.1045	31.111	0.090	0.593	18.68	0.996	0.996	176.69	12101	-0.0027	0.1761	-0.000000	0.000171	0.000003	0.000035
OFI_RSI_15s     	IS	48439754	0.0428	24.056	0.049	0.535	6.57	0.994	0.990	138.41	22444	0.0006	0.4112	0.000001	0.000288	0.000005	0.000103
OFI_RSI_15s     	OOS	22537460	0.1302	36.208	0.141	0.593	15.98	0.996	0.992	176.69	12101	-0.0050	0.4577	-0.000000	0.000171	0.000010	0.000072
OFI_Raw         	IS	48439754	0.0561	76.661	0.035	0.550	0.39	0.109	0.093	3.11	1103	-0.0011	1.2637	0.000001	0.000288	0.000020	0.000582
OFI_Raw         	OOS	22537460	0.0745	81.576	0.046	0.662	0.39	0.065	0.060	3.94	1967	-0.0009	0.7498	-0.000000	0.000171	0.000010	0.000207
OFI_TEMA_15s    	IS	48439754	0.0576	30.988	0.055	0.553	7.44	0.984	0.983	71.34	15912	0.0012	0.4947	0.000001	0.000288	0.000008	0.000150
OFI_TEMA_15s    	OOS	22537460	0.1287	38.745	0.105	0.630	16.33	0.994	0.993	89.21	8509	-0.0045	0.3888	-0.000000	0.000171	0.000009	0.000082
Sniper_Composite	IS	48439754	0.0344	18.996	0.027	0.525	12.36	0.996	0.996	320.43	29050	0.0009	1.5400	0.000001	0.000288	0.000015	0.000561
Sniper_Composite	OOS	22537460	0.0849	29.201	0.067	0.564	28.67	0.998	0.998	420.90	15223	-0.0114	1.3343	-0.000000	0.000171	0.000019	0.000288
TCI_DEMA_15s    	IS	48439754	0.0339	18.446	0.048	0.526	1.93	0.990	0.981	52.41	19093	0.0067	0.3273	0.000001	0.000288	0.000003	0.000066
TCI_DEMA_15s    	OOS	22537460	0.0695	22.967	0.076	0.558	2.82	0.995	0.987	62.85	21454	-0.0095	0.3374	-0.000000	0.000171	0.000004	0.000053
TCI_EMA_15s     	IS	48439754	0.0219	10.022	0.032	0.519	1.89	0.995	0.990	78.93	20009	0.0070	0.2592	0.000001	0.000288	0.000002	0.000052
TCI_EMA_15s     	OOS	22537460	0.0463	14.957	0.053	0.542	2.93	0.998	0.995	98.00	28066	-0.0093	0.2700	-0.000000	0.000171	0.000002	0.000041
TCI_Raw         	IS	48439754	0.1039	68.217	0.104	0.550	0.47	0.357	0.000	3.11	1103	-0.0019	1.0000	0.000001	0.000288	0.000030	0.000287
TCI_Raw         	OOS	22537460	0.2679	93.602	0.278	0.662	0.90	0.492	0.000	3.94	1967	-0.0093	1.0000	-0.000000	0.000171	0.000046	0.000165
Vel_Inst        	IS	48439754	0.0812	58.430	0.057	0.550	0.37	0.381	0.286	3.11	1103	-0.0747	17.7849	0.000001	0.000288	0.000416	0.007281
Vel_Inst        	OOS	22537460	0.1484	67.535	0.094	0.662	0.48	0.290	0.239	3.94	1967	-0.0450	11.5836	-0.000000	0.000171	0.000294	0.003117

-- BTCUSDT | Horizon: 5.000s (5000 ms) --
FEATURE	SET	COUNT	IC	IC_T	Sharpe	HitRate	B/E_Bps	AutoCorr	AutoCorrAbs	AvgSeg	MaxSeg	MeanSig	StdSig	MeanRet	StdRet	MeanPnL	StdPnL
Force_DEMA_15s  	IS	48439754	0.0374	14.352	0.032	0.534	0.84	0.871	0.815	92.63	20369	-0.0086	15.2088	0.000002	0.000436	0.000248	0.007703
Force_DEMA_15s  	OOS	22537460	0.1224	29.264	0.102	0.592	2.72	0.942	0.914	116.45	9225	-0.0557	14.6733	-0.000000	0.000230	0.000413	0.004053
Impulse_15s     	IS	48439754	0.0260	8.818	0.023	0.525	0.59	0.864	0.813	138.41	22444	0.0041	12.1704	0.000002	0.000436	0.000138	0.006061
Impulse_15s     	OOS	22537460	0.0987	24.555	0.081	0.574	2.20	0.940	0.914	176.69	12101	-0.0864	10.9292	-0.000000	0.000230	0.000248	0.003053
OFI_Cubic_15s   	IS	48439754	0.0149	5.701	0.012	0.517	11.85	0.997	0.998	340.74	29050	0.0006	2.7652	0.000002	0.000436	0.000018	0.001557
OFI_Cubic_15s   	OOS	22537460	0.0577	20.169	0.045	0.551	34.59	0.998	0.999	432.69	15223	-0.0167	2.3503	-0.000000	0.000230	0.000031	0.000693
OFI_DEMA_15s    	IS	48439754	0.0353	14.125	0.037	0.534	8.16	0.987	0.986	92.63	20369	0.0011	0.3948	0.000002	0.000436	0.000006	0.000166
OFI_DEMA_15s    	OOS	22537460	0.0930	26.388	0.078	0.592	18.06	0.995	0.994	116.45	9225	-0.0038	0.2913	-0.000000	0.000230	0.000006	0.000080
OFI_DEMA_5s     	IS	48439754	0.0496	24.665	0.053	0.548	6.95	0.976	0.975	42.68	9378	0.0015	0.6795	0.000002	0.000436	0.000015	0.000275
OFI_DEMA_5s     	OOS	22537460	0.1127	33.186	0.090	0.623	14.87	0.991	0.991	52.21	7841	-0.0061	0.6057	-0.000000	0.000230	0.000016	0.000175
OFI_EMA_15s     	IS	48439754	0.0265	8.454	0.028	0.525	8.07	0.990	0.989	138.41	22444	0.0010	0.2607	0.000002	0.000436	0.000003	0.000107
OFI_EMA_15s     	OOS	22537460	0.0812	22.670	0.070	0.574	19.51	0.996	0.996	176.69	12101	-0.0027	0.1761	-0.000000	0.000230	0.000003	0.000047
OFI_RSI_15s     	IS	48439754	0.0238	10.846	0.028	0.525	5.52	0.994	0.990	138.41	22444	0.0006	0.4112	0.000002	0.000436	0.000004	0.000151
OFI_RSI_15s     	OOS	22537460	0.1032	27.709	0.114	0.574	17.03	0.996	0.992	176.69	12101	-0.0050	0.4577	-0.000000	0.000230	0.000011	0.000095
OFI_Raw         	IS	48439754	0.0378	60.031	0.025	0.541	0.40	0.109	0.093	3.11	1103	-0.0011	1.2637	0.000002	0.000436	0.000021	0.000822
OFI_Raw         	OOS	22537460	0.0566	64.680	0.039	0.627	0.40	0.065	0.060	3.94	1967	-0.0009	0.7498	-0.000000	0.000230	0.000010	0.000248
OFI_TEMA_15s    	IS	48439754	0.0407	17.701	0.042	0.539	7.95	0.984	0.983	71.34	15912	0.0012	0.4947	0.000002	0.000436	0.000009	0.000210
OFI_TEMA_15s    	OOS	22537460	0.0995	28.561	0.082	0.603	16.98	0.994	0.993	89.21	8509	-0.0045	0.3888	-0.000000	0.000230	0.000009	0.000109
Sniper_Composite	IS	48439754	0.0199	8.035	0.016	0.517	10.80	0.996	0.996	320.43	29050	0.0009	1.5400	0.000002	0.000436	0.000013	0.000845
Sniper_Composite	OOS	22537460	0.0652	22.300	0.052	0.551	29.62	0.998	0.998	420.90	15223	-0.0114	1.3343	-0.000000	0.000230	0.000020	0.000389
TCI_DEMA_15s    	IS	48439754	0.0248	8.354	0.037	0.519	2.13	0.990	0.981	52.41	19093	0.0067	0.3273	0.000002	0.000436	0.000004	0.000097
TCI_DEMA_15s    	OOS	22537460	0.0576	16.210	0.066	0.545	3.14	0.995	0.987	62.85	21454	-0.0095	0.3374	-0.000000	0.000230	0.000004	0.000068
TCI_EMA_15s     	IS	48439754	0.0158	1.997	0.024	0.515	2.06	0.995	0.990	78.93	20009	0.0070	0.2592	0.000002	0.000436	0.000002	0.000075
TCI_EMA_15s     	OOS	22537460	0.0380	9.540	0.045	0.533	3.23	0.998	0.995	98.00	28066	-0.0093	0.2700	-0.000000	0.000230	0.000002	0.000052
TCI_Raw         	IS	48439754	0.0687	55.215	0.069	0.541	0.47	0.357	0.000	3.11	1103	-0.0019	1.0000	0.000002	0.000436	0.000030	0.000435
TCI_Raw         	OOS	22537460	0.2110	74.212	0.216	0.627	0.96	0.492	0.000	3.94	1967	-0.0093	1.0000	-0.000000	0.000230	0.000049	0.000225
Vel_Inst        	IS	48439754	0.0523	46.871	0.037	0.541	0.36	0.381	0.286	3.11	1103	-0.0747	17.7849	0.000002	0.000436	0.000405	0.011010
Vel_Inst        	OOS	22537460	0.1101	52.689	0.075	0.627	0.48	0.290	0.239	3.94	1967	-0.0450	11.5836	-0.000000	0.000230	0.000294	0.003897

-- BTCUSDT | Horizon: 10.000s (10000 ms) --
FEATURE	SET	COUNT	IC	IC_T	Sharpe	HitRate	B/E_Bps	AutoCorr	AutoCorrAbs	AvgSeg	MaxSeg	MeanSig	StdSig	MeanRet	StdRet	MeanPnL	StdPnL
Force_DEMA_15s  	IS	48439754	0.0197	7.236	0.017	0.523	0.60	0.871	0.815	92.63	20369	-0.0086	15.2088	0.000004	0.000591	0.000177	0.010230
Force_DEMA_15s  	OOS	22537460	0.0946	22.824	0.084	0.571	2.67	0.942	0.914	116.45	9225	-0.0557	14.6733	-0.000001	0.000292	0.000406	0.004860
Impulse_15s     	IS	48439754	0.0103	1.986	0.009	0.515	0.32	0.864	0.813	138.41	22444	0.0041	12.1704	0.000004	0.000591	0.000074	0.007964
Impulse_15s     	OOS	22537460	0.0739	18.391	0.064	0.556	2.10	0.940	0.914	176.69	12101	-0.0864	10.9292	-0.000001	0.000292	0.000236	0.003671
OFI_Cubic_15s   	IS	48439754	0.0052	0.190	0.004	0.510	5.59	0.997	0.998	340.74	29050	0.0006	2.7652	0.000004	0.000591	0.000008	0.002158
OFI_Cubic_15s   	OOS	22537460	0.0459	14.924	0.037	0.539	34.94	0.998	0.999	432.69	15223	-0.0167	2.3503	-0.000001	0.000292	0.000032	0.000856
OFI_DEMA_15s    	IS	48439754	0.0232	7.395	0.027	0.523	7.29	0.987	0.986	92.63	20369	0.0011	0.3948	0.000004	0.000591	0.000005	0.000199
OFI_DEMA_15s    	OOS	22537460	0.0735	19.669	0.066	0.571	18.13	0.995	0.994	116.45	9225	-0.0038	0.2913	-0.000001	0.000292	0.000006	0.000095
OFI_DEMA_5s     	IS	48439754	0.0360	17.545	0.042	0.534	6.83	0.976	0.975	42.68	9378	0.0015	0.6795	0.000004	0.000591	0.000014	0.000344
OFI_DEMA_5s     	OOS	22537460	0.0901	26.923	0.078	0.594	15.11	0.991	0.991	52.21	7841	-0.0061	0.6057	-0.000001	0.000292	0.000016	0.000205
OFI_EMA_15s     	IS	48439754	0.0154	2.009	0.018	0.515	6.37	0.990	0.989	138.41	22444	0.0010	0.2607	0.000004	0.000591	0.000002	0.000130
OFI_EMA_15s     	OOS	22537460	0.0628	15.843	0.057	0.556	19.18	0.996	0.996	176.69	12101	-0.0027	0.1761	-0.000001	0.000292	0.000003	0.000056
OFI_RSI_15s     	IS	48439754	0.0105	3.456	0.013	0.515	3.30	0.994	0.990	138.41	22444	0.0006	0.4112	0.000004	0.000591	0.000003	0.000197
OFI_RSI_15s     	OOS	22537460	0.0816	20.453	0.092	0.556	17.13	0.996	0.992	176.69	12101	-0.0050	0.4577	-0.000001	0.000292	0.000011	0.000119
OFI_Raw         	IS	48439754	0.0272	49.046	0.017	0.534	0.39	0.109	0.093	3.11	1103	-0.0011	1.2637	0.000004	0.000591	0.000020	0.001197
OFI_Raw         	OOS	22537460	0.0442	55.472	0.034	0.600	0.40	0.065	0.060	3.94	1967	-0.0009	0.7498	-0.000001	0.000292	0.000010	0.000285
OFI_TEMA_15s    	IS	48439754	0.0281	10.809	0.033	0.527	7.46	0.984	0.983	71.34	15912	0.0012	0.4947	0.000004	0.000591	0.000008	0.000251
OFI_TEMA_15s    	OOS	22537460	0.0789	21.875	0.070	0.579	17.11	0.994	0.993	89.21	8509	-0.0045	0.3888	-0.000001	0.000292	0.000009	0.000128
Sniper_Composite	IS	48439754	0.0092	2.065	0.007	0.510	6.76	0.996	0.996	320.43	29050	0.0009	1.5400	0.000004	0.000591	0.000008	0.001151
Sniper_Composite	OOS	22537460	0.0522	16.812	0.043	0.539	30.13	0.998	0.998	420.90	15223	-0.0114	1.3343	-0.000001	0.000292	0.000020	0.000475
TCI_DEMA_15s    	IS	48439754	0.0178	2.856	0.027	0.514	2.09	0.990	0.981	52.41	19093	0.0067	0.3273	0.000004	0.000591	0.000003	0.000127
TCI_DEMA_15s    	OOS	22537460	0.0459	10.224	0.054	0.534	3.19	0.995	0.987	62.85	21454	-0.0095	0.3374	-0.000001	0.000292	0.000005	0.000083
TCI_EMA_15s     	IS	48439754	0.0108	-1.960	0.017	0.510	1.94	0.995	0.990	78.93	20009	0.0070	0.2592	0.000004	0.000591	0.000002	0.000099
TCI_EMA_15s     	OOS	22537460	0.0298	4.837	0.036	0.525	3.22	0.998	0.995	98.00	28066	-0.0093	0.2700	-0.000001	0.000292	0.000002	0.000065
TCI_Raw         	IS	48439754	0.0488	45.196	0.049	0.534	0.45	0.357	0.000	3.11	1103	-0.0019	1.0000	0.000004	0.000591	0.000029	0.000591
TCI_Raw         	OOS	22537460	0.1696	63.072	0.172	0.600	0.98	0.492	0.000	3.94	1967	-0.0093	1.0000	-0.000001	0.000292	0.000050	0.000288
Vel_Inst        	IS	48439754	0.0362	37.665	0.025	0.534	0.34	0.381	0.286	3.11	1103	-0.0747	17.7849	0.000004	0.000591	0.000381	0.015185
Vel_Inst        	OOS	22537460	0.0839	44.332	0.062	0.600	0.46	0.290	0.239	3.94	1967	-0.0450	11.5836	-0.000001	0.000292	0.000284	0.004609

==================================================
SYMBOL: ETHUSDT
==================================================

-- ETHUSDT | Horizon: 0.500s (500 ms) --
FEATURE	SET	COUNT	IC	IC_T	Sharpe	HitRate	B/E_Bps	AutoCorr	AutoCorrAbs	AvgSeg	MaxSeg	MeanSig	StdSig	MeanRet	StdRet	MeanPnL	StdPnL
Force_DEMA_15s  	IS	47260210	0.0642	36.597	0.054	0.555	0.47	0.868	0.682	65.68	17759	0.1681	32.8787	0.000002	0.000201	0.000424	0.007900
Force_DEMA_15s  	OOS	22449811	0.1347	41.846	0.114	0.590	1.14	0.931	0.782	119.43	13988	0.0078	37.3051	-0.000000	0.000140	0.000704	0.006181
Impulse_15s     	IS	47260210	0.0440	28.836	0.037	0.541	0.32	0.858	0.684	97.31	21626	0.2717	31.0736	0.000002	0.000201	0.000275	0.007477
Impulse_15s     	OOS	22449811	0.1049	33.811	0.087	0.565	0.87	0.927	0.790	177.93	17647	0.0427	35.6656	-0.000000	0.000140	0.000524	0.006051
OFI_Cubic_15s   	IS	47260210	0.0264	22.954	0.021	0.527	4.74	0.994	0.995	226.75	27943	-0.0747	20.0840	0.000002	0.000201	0.000106	0.004993
OFI_Cubic_15s   	OOS	22449811	0.0601	23.678	0.051	0.539	17.26	0.998	0.998	435.27	32656	-0.2469	20.5825	-0.000000	0.000140	0.000173	0.003383
OFI_DEMA_15s    	IS	47260210	0.0583	40.287	0.049	0.555	3.22	0.963	0.964	65.68	17759	0.0230	4.5178	0.000002	0.000201	0.000053	0.001087
OFI_DEMA_15s    	OOS	22449811	0.1043	37.396	0.081	0.590	10.86	0.994	0.993	119.43	13988	-0.0166	3.4272	-0.000000	0.000140	0.000050	0.000619
OFI_DEMA_5s     	IS	47260210	0.0989	54.633	0.085	0.585	3.22	0.938	0.940	32.19	10420	0.0184	6.3604	0.000002	0.000201	0.000126	0.001495
OFI_DEMA_5s     	OOS	22449811	0.1669	51.760	0.121	0.645	9.48	0.987	0.986	56.16	6814	-0.0245	5.6169	-0.000000	0.000140	0.000131	0.001083
OFI_EMA_15s     	IS	47260210	0.0410	33.052	0.034	0.541	3.02	0.972	0.972	97.31	21626	0.0280	3.2789	0.000002	0.000201	0.000027	0.000785
OFI_EMA_15s     	OOS	22449811	0.0796	31.576	0.060	0.565	11.45	0.996	0.996	177.93	17647	-0.0085	2.3324	-0.000000	0.000140	0.000026	0.000430
OFI_RSI_15s     	IS	47260210	0.0521	37.254	0.056	0.541	3.81	0.988	0.982	97.31	21626	0.0062	0.4389	0.000002	0.000201	0.000005	0.000082
OFI_RSI_15s     	OOS	22449811	0.1084	39.115	0.110	0.565	10.78	0.995	0.992	177.93	17647	0.0018	0.4197	-0.000000	0.000140	0.000006	0.000058
OFI_Raw         	IS	47260210	0.0913	68.153	0.063	0.569	0.33	0.263	0.228	3.44	689	-0.0160	8.8128	0.000002	0.000201	0.000162	0.002547
OFI_Raw         	OOS	22449811	0.1400	90.453	0.091	0.708	0.40	0.138	0.118	4.44	1061	-0.0191	5.9789	-0.000000	0.000140	0.000117	0.001292
OFI_TEMA_15s    	IS	47260210	0.0712	44.949	0.059	0.565	3.29	0.957	0.958	51.56	13403	0.0197	5.3005	0.000002	0.000201	0.000076	0.001277
OFI_TEMA_15s    	OOS	22449811	0.1228	41.494	0.096	0.606	10.44	0.993	0.992	92.84	10244	-0.0201	4.2209	-0.000000	0.000140	0.000073	0.000752
Sniper_Composite	IS	47260210	0.0349	27.236	0.027	0.527	4.20	0.991	0.990	204.43	27943	-0.0266	13.0418	0.000002	0.000201	0.000091	0.003338
Sniper_Composite	OOS	22449811	0.0661	26.524	0.054	0.540	15.02	0.998	0.998	421.17	32656	-0.1530	13.3336	-0.000000	0.000140	0.000123	0.002293
TCI_DEMA_15s    	IS	47260210	0.0358	28.963	0.045	0.529	1.06	0.977	0.965	40.14	12131	0.0061	0.3767	0.000002	0.000201	0.000003	0.000060
TCI_DEMA_15s    	OOS	22449811	0.0547	25.373	0.066	0.543	1.96	0.995	0.988	66.57	12480	0.0161	0.3254	-0.000000	0.000140	0.000002	0.000038
TCI_EMA_15s     	IS	47260210	0.0194	18.171	0.025	0.520	0.85	0.988	0.980	59.17	25608	0.0068	0.3020	0.000002	0.000201	0.000001	0.000047
TCI_EMA_15s     	OOS	22449811	0.0335	15.817	0.040	0.528	1.84	0.998	0.995	102.55	36686	0.0171	0.2574	-0.000000	0.000140	0.000001	0.000030
TCI_Raw         	IS	47260210	0.1434	63.687	0.145	0.569	0.49	0.418	0.000	3.44	689	-0.0058	1.0000	0.000002	0.000201	0.000029	0.000199
TCI_Raw         	OOS	22449811	0.3220	118.077	0.340	0.708	1.00	0.550	0.000	4.44	1061	-0.0017	1.0000	-0.000000	0.000140	0.000045	0.000133
Vel_Inst        	IS	47260210	0.1329	57.718	0.105	0.569	0.40	0.479	0.330	3.44	689	-0.1563	29.8089	0.000002	0.000201	0.000796	0.007563
Vel_Inst        	OOS	22449811	0.2522	96.987	0.177	0.708	0.53	0.408	0.293	4.44	1061	-0.1793	24.4104	-0.000000	0.000140	0.000862	0.004873

-- ETHUSDT | Horizon: 1.000s (1000 ms) --
FEATURE	SET	COUNT	IC	IC_T	Sharpe	HitRate	B/E_Bps	AutoCorr	AutoCorrAbs	AvgSeg	MaxSeg	MeanSig	StdSig	MeanRet	StdRet	MeanPnL	StdPnL
Force_DEMA_15s  	IS	47260210	0.0603	33.643	0.051	0.552	0.56	0.868	0.682	65.68	17759	0.1681	32.8787	0.000002	0.000252	0.000500	0.009814
Force_DEMA_15s  	OOS	22449811	0.1175	36.366	0.101	0.582	1.18	0.931	0.782	119.43	13988	0.0078	37.3051	-0.000000	0.000167	0.000731	0.007212
Impulse_15s     	IS	47260210	0.0416	26.277	0.035	0.539	0.38	0.858	0.684	97.31	21626	0.2717	31.0736	0.000002	0.000252	0.000327	0.009250
Impulse_15s     	OOS	22449811	0.0901	29.324	0.076	0.559	0.89	0.927	0.790	177.93	17647	0.0427	35.6656	-0.000000	0.000167	0.000536	0.007045
OFI_Cubic_15s   	IS	47260210	0.0264	21.168	0.021	0.526	5.96	0.994	0.995	226.75	27943	-0.0747	20.0840	0.000002	0.000252	0.000133	0.006235
OFI_Cubic_15s   	OOS	22449811	0.0502	20.631	0.043	0.535	17.16	0.998	0.998	435.27	32656	-0.2469	20.5825	-0.000000	0.000167	0.000172	0.004017
OFI_DEMA_15s    	IS	47260210	0.0574	37.395	0.050	0.552	3.97	0.963	0.964	65.68	17759	0.0230	4.5178	0.000002	0.000252	0.000065	0.001305
OFI_DEMA_15s    	OOS	22449811	0.0916	31.864	0.075	0.582	11.37	0.994	0.993	119.43	13988	-0.0166	3.4272	-0.000000	0.000167	0.000052	0.000700
OFI_DEMA_5s     	IS	47260210	0.0944	50.493	0.084	0.577	3.86	0.938	0.940	32.19	10420	0.0184	6.3604	0.000002	0.000252	0.000151	0.001804
OFI_DEMA_5s     	OOS	22449811	0.1477	45.009	0.115	0.631	9.99	0.987	0.986	56.16	6814	-0.0245	5.6169	-0.000000	0.000167	0.000138	0.001206
OFI_EMA_15s     	IS	47260210	0.0411	30.224	0.036	0.539	3.80	0.972	0.972	97.31	21626	0.0280	3.2789	0.000002	0.000252	0.000034	0.000939
OFI_EMA_15s     	OOS	22449811	0.0689	26.408	0.055	0.559	11.80	0.996	0.996	177.93	17647	-0.0085	2.3324	-0.000000	0.000167	0.000027	0.000488
OFI_RSI_15s     	IS	47260210	0.0498	33.372	0.055	0.539	4.58	0.988	0.982	97.31	21626	0.0062	0.4389	0.000002	0.000252	0.000006	0.000101
OFI_RSI_15s     	OOS	22449811	0.0945	30.920	0.098	0.559	11.20	0.995	0.992	177.93	17647	0.0018	0.4197	-0.000000	0.000167	0.000007	0.000068
OFI_Raw         	IS	47260210	0.0850	70.163	0.063	0.563	0.38	0.263	0.228	3.44	689	-0.0160	8.8128	0.000002	0.000252	0.000189	0.002993
OFI_Raw         	OOS	22449811	0.1198	76.736	0.082	0.684	0.40	0.138	0.118	4.44	1061	-0.0191	5.9789	-0.000000	0.000167	0.000119	0.001456
OFI_TEMA_15s    	IS	47260210	0.0692	41.867	0.060	0.560	4.02	0.957	0.958	51.56	13403	0.0197	5.3005	0.000002	0.000252	0.000093	0.001537
OFI_TEMA_15s    	OOS	22449811	0.1084	35.722	0.090	0.596	10.99	0.993	0.992	92.84	10244	-0.0201	4.2209	-0.000000	0.000167	0.000076	0.000848
Sniper_Composite	IS	47260210	0.0349	25.276	0.028	0.526	5.26	0.991	0.990	204.43	27943	-0.0266	13.0418	0.000002	0.000252	0.000115	0.004164
Sniper_Composite	OOS	22449811	0.0560	23.243	0.046	0.536	15.16	0.998	0.998	421.17	32656	-0.1530	13.3336	-0.000000	0.000167	0.000124	0.002701
TCI_DEMA_15s    	IS	47260210	0.0376	26.737	0.049	0.529	1.40	0.977	0.965	40.14	12131	0.0061	0.3767	0.000002	0.000252	0.000004	0.000073
TCI_DEMA_15s    	OOS	22449811	0.0510	21.984	0.062	0.540	2.18	0.995	0.988	66.57	12480	0.0161	0.3254	-0.000000	0.000167	0.000003	0.000044
TCI_EMA_15s     	IS	47260210	0.0215	16.345	0.029	0.521	1.19	0.988	0.980	59.17	25608	0.0068	0.3020	0.000002	0.000252	0.000002	0.000057
TCI_EMA_15s     	OOS	22449811	0.0310	13.416	0.037	0.526	2.03	0.998	0.995	102.55	36686	0.0171	0.2574	-0.000000	0.000167	0.000001	0.000036
TCI_Raw         	IS	47260210	0.1262	62.990	0.127	0.563	0.55	0.418	0.000	3.44	689	-0.0058	1.0000	0.000002	0.000252	0.000032	0.000250
TCI_Raw         	OOS	22449811	0.2876	107.124	0.300	0.684	1.07	0.550	0.000	4.44	1061	-0.0017	1.0000	-0.000000	0.000167	0.000048	0.000160
Vel_Inst        	IS	47260210	0.1164	56.687	0.093	0.563	0.44	0.479	0.330	3.44	689	-0.1563	29.8089	0.000002	0.000252	0.000874	0.009353
Vel_Inst        	OOS	22449811	0.2186	79.565	0.159	0.684	0.54	0.408	0.293	4.44	1061	-0.1793	24.4104	-0.000000	0.000167	0.000890	0.005611

-- ETHUSDT | Horizon: 2.000s (2000 ms) --
FEATURE	SET	COUNT	IC	IC_T	Sharpe	HitRate	B/E_Bps	AutoCorr	AutoCorrAbs	AvgSeg	MaxSeg	MeanSig	StdSig	MeanRet	StdRet	MeanPnL	StdPnL
Force_DEMA_15s  	IS	47260210	0.0517	28.783	0.044	0.545	0.64	0.868	0.682	65.68	17759	0.1681	32.8787	0.000002	0.000337	0.000573	0.013068
Force_DEMA_15s  	OOS	22449811	0.0953	30.383	0.083	0.568	1.19	0.931	0.782	119.43	13988	0.0078	37.3051	-0.000000	0.000207	0.000736	0.008853
Impulse_15s     	IS	47260210	0.0358	21.729	0.030	0.535	0.43	0.858	0.684	97.31	21626	0.2717	31.0736	0.000002	0.000337	0.000375	0.012363
Impulse_15s     	OOS	22449811	0.0712	23.992	0.061	0.549	0.87	0.927	0.790	177.93	17647	0.0427	35.6656	-0.000000	0.000207	0.000526	0.008627
OFI_Cubic_15s   	IS	47260210	0.0239	15.829	0.019	0.523	7.20	0.994	0.995	226.75	27943	-0.0747	20.0840	0.000002	0.000337	0.000161	0.008438
OFI_Cubic_15s   	OOS	22449811	0.0387	16.667	0.034	0.529	16.43	0.998	0.998	435.27	32656	-0.2469	20.5825	-0.000000	0.000207	0.000165	0.004848
OFI_DEMA_15s    	IS	47260210	0.0516	30.041	0.048	0.545	4.77	0.963	0.964	65.68	17759	0.0230	4.5178	0.000002	0.000337	0.000079	0.001640
OFI_DEMA_15s    	OOS	22449811	0.0758	25.659	0.067	0.568	11.68	0.994	0.993	119.43	13988	-0.0166	3.4272	-0.000000	0.000207	0.000054	0.000801
OFI_DEMA_5s     	IS	47260210	0.0833	41.799	0.078	0.565	4.55	0.938	0.940	32.19	10420	0.0184	6.3604	0.000002	0.000337	0.000178	0.002302
OFI_DEMA_5s     	OOS	22449811	0.1226	36.930	0.107	0.609	10.31	0.987	0.986	56.16	6814	-0.0245	5.6169	-0.000000	0.000207	0.000143	0.001335
OFI_EMA_15s     	IS	47260210	0.0374	23.392	0.035	0.535	4.62	0.972	0.972	97.31	21626	0.0280	3.2789	0.000002	0.000337	0.000041	0.001177
OFI_EMA_15s     	OOS	22449811	0.0558	20.547	0.049	0.549	11.88	0.996	0.996	177.93	17647	-0.0085	2.3324	-0.000000	0.000207	0.000027	0.000555
OFI_RSI_15s     	IS	47260210	0.0437	27.513	0.049	0.535	5.36	0.988	0.982	97.31	21626	0.0062	0.4389	0.000002	0.000337	0.000006	0.000133
OFI_RSI_15s     	OOS	22449811	0.0766	24.403	0.082	0.549	11.28	0.995	0.992	177.93	17647	0.0018	0.4197	-0.000000	0.000207	0.000007	0.000082
OFI_Raw         	IS	47260210	0.0746	67.437	0.058	0.555	0.45	0.263	0.228	3.44	689	-0.0160	8.8128	0.000002	0.000337	0.000221	0.003817
OFI_Raw         	OOS	22449811	0.0989	64.989	0.071	0.652	0.42	0.138	0.118	4.44	1061	-0.0191	5.9789	-0.000000	0.000207	0.000123	0.001724
OFI_TEMA_15s    	IS	47260210	0.0620	34.115	0.057	0.552	4.80	0.957	0.958	51.56	13403	0.0197	5.3005	0.000002	0.000337	0.000111	0.001943
OFI_TEMA_15s    	OOS	22449811	0.0902	29.149	0.082	0.580	11.35	0.993	0.992	92.84	10244	-0.0201	4.2209	-0.000000	0.000207	0.000079	0.000965
Sniper_Composite	IS	47260210	0.0314	19.576	0.025	0.523	6.33	0.991	0.990	204.43	27943	-0.0266	13.0418	0.000002	0.000337	0.000138	0.005617
Sniper_Composite	OOS	22449811	0.0446	19.080	0.038	0.529	14.98	0.998	0.998	421.17	32656	-0.1530	13.3336	-0.000000	0.000207	0.000123	0.003210
TCI_DEMA_15s    	IS	47260210	0.0347	20.514	0.046	0.526	1.72	0.977	0.965	40.14	12131	0.0061	0.3767	0.000002	0.000337	0.000004	0.000095
TCI_DEMA_15s    	OOS	22449811	0.0440	17.227	0.055	0.532	2.34	0.995	0.988	66.57	12480	0.0161	0.3254	-0.000000	0.000207	0.000003	0.000054
TCI_EMA_15s     	IS	47260210	0.0204	11.946	0.028	0.519	1.50	0.988	0.980	59.17	25608	0.0068	0.3020	0.000002	0.000337	0.000002	0.000074
TCI_EMA_15s     	OOS	22449811	0.0261	9.791	0.032	0.521	2.13	0.998	0.995	102.55	36686	0.0171	0.2574	-0.000000	0.000207	0.000001	0.000043
TCI_Raw         	IS	47260210	0.1060	61.256	0.107	0.555	0.61	0.418	0.000	3.44	689	-0.0058	1.0000	0.000002	0.000337	0.000036	0.000335
TCI_Raw         	OOS	22449811	0.2445	95.996	0.252	0.652	1.13	0.550	0.000	4.44	1061	-0.0017	1.0000	-0.000000	0.000207	0.000051	0.000201
Vel_Inst        	IS	47260210	0.0983	55.101	0.080	0.555	0.50	0.479	0.330	3.44	689	-0.1563	29.8089	0.000002	0.000337	0.000986	0.012379
Vel_Inst        	OOS	22449811	0.1819	66.896	0.137	0.652	0.56	0.408	0.293	4.44	1061	-0.1793	24.4104	-0.000000	0.000207	0.000920	0.006716

-- ETHUSDT | Horizon: 5.000s (5000 ms) --
FEATURE	SET	COUNT	IC	IC_T	Sharpe	HitRate	B/E_Bps	AutoCorr	AutoCorrAbs	AvgSeg	MaxSeg	MeanSig	StdSig	MeanRet	StdRet	MeanPnL	StdPnL
Force_DEMA_15s  	IS	47260210	0.0266	15.780	0.023	0.532	0.49	0.868	0.682	65.68	17759	0.1681	32.8787	0.000005	0.000502	0.000439	0.019252
Force_DEMA_15s  	OOS	22449811	0.0589	19.852	0.053	0.545	1.00	0.931	0.782	119.43	13988	0.0078	37.3051	0.000001	0.000279	0.000614	0.011654
Impulse_15s     	IS	47260210	0.0145	9.741	0.012	0.524	0.26	0.858	0.684	97.31	21626	0.2717	31.0736	0.000005	0.000502	0.000228	0.018266
Impulse_15s     	OOS	22449811	0.0408	14.264	0.036	0.532	0.68	0.927	0.790	177.93	17647	0.0427	35.6656	0.000001	0.000279	0.000407	0.011257
OFI_Cubic_15s   	IS	47260210	0.0101	6.063	0.008	0.516	4.52	0.994	0.995	226.75	27943	-0.0747	20.0840	0.000005	0.000502	0.000101	0.012782
OFI_Cubic_15s   	OOS	22449811	0.0196	9.008	0.017	0.519	11.21	0.998	0.998	435.27	32656	-0.2469	20.5825	0.000001	0.000279	0.000113	0.006667
OFI_DEMA_15s    	IS	47260210	0.0329	16.209	0.032	0.532	4.53	0.963	0.964	65.68	17759	0.0230	4.5178	0.000005	0.000502	0.000075	0.002320
OFI_DEMA_15s    	OOS	22449811	0.0517	16.325	0.047	0.545	10.75	0.994	0.993	119.43	13988	-0.0166	3.4272	0.000001	0.000279	0.000050	0.001062
OFI_DEMA_5s     	IS	47260210	0.0556	27.377	0.054	0.546	4.53	0.938	0.940	32.19	10420	0.0184	6.3604	0.000005	0.000502	0.000178	0.003261
OFI_DEMA_5s     	OOS	22449811	0.0859	25.494	0.081	0.574	9.74	0.987	0.986	56.16	6814	-0.0245	5.6169	0.000001	0.000279	0.000135	0.001657
OFI_EMA_15s     	IS	47260210	0.0225	10.446	0.022	0.524	4.16	0.972	0.972	97.31	21626	0.0280	3.2789	0.000005	0.000502	0.000037	0.001667
OFI_EMA_15s     	OOS	22449811	0.0356	11.709	0.031	0.532	10.21	0.996	0.996	177.93	17647	-0.0085	2.3324	0.000001	0.000279	0.000023	0.000739
OFI_RSI_15s     	IS	47260210	0.0250	13.334	0.028	0.524	4.58	0.988	0.982	97.31	21626	0.0062	0.4389	0.000005	0.000502	0.000006	0.000196
OFI_RSI_15s     	OOS	22449811	0.0489	14.325	0.053	0.532	9.70	0.995	0.992	177.93	17647	0.0018	0.4197	0.000001	0.000279	0.000006	0.000108
OFI_Raw         	IS	47260210	0.0497	55.002	0.040	0.542	0.45	0.263	0.228	3.44	689	-0.0160	8.8128	0.000005	0.000502	0.000220	0.005520
OFI_Raw         	OOS	22449811	0.0700	52.926	0.056	0.605	0.40	0.138	0.118	4.44	1061	-0.0191	5.9789	0.000001	0.000279	0.000117	0.002085
OFI_TEMA_15s    	IS	47260210	0.0403	19.866	0.039	0.536	4.66	0.957	0.958	51.56	13403	0.0197	5.3005	0.000005	0.000502	0.000107	0.002750
OFI_TEMA_15s    	OOS	22449811	0.0627	19.343	0.059	0.553	10.65	0.993	0.992	92.84	10244	-0.0201	4.2209	0.000001	0.000279	0.000074	0.001259
Sniper_Composite	IS	47260210	0.0152	8.662	0.012	0.516	4.56	0.991	0.990	204.43	27943	-0.0266	13.0418	0.000005	0.000502	0.000099	0.008459
Sniper_Composite	OOS	22449811	0.0261	11.056	0.022	0.519	11.84	0.998	0.998	421.17	32656	-0.1530	13.3336	0.000001	0.000279	0.000097	0.004372
TCI_DEMA_15s    	IS	47260210	0.0234	9.678	0.032	0.517	1.74	0.977	0.965	40.14	12131	0.0061	0.3767	0.000005	0.000502	0.000004	0.000138
TCI_DEMA_15s    	OOS	22449811	0.0299	8.704	0.037	0.519	2.15	0.995	0.988	66.57	12480	0.0161	0.3254	0.000001	0.000279	0.000003	0.000073
TCI_EMA_15s     	IS	47260210	0.0129	3.619	0.019	0.513	1.43	0.988	0.980	59.17	25608	0.0068	0.3020	0.000005	0.000502	0.000002	0.000107
TCI_EMA_15s     	OOS	22449811	0.0161	3.062	0.020	0.512	1.79	0.998	0.995	102.55	36686	0.0171	0.2574	0.000001	0.000279	0.000001	0.000058
TCI_Raw         	IS	47260210	0.0696	51.250	0.070	0.542	0.60	0.418	0.000	3.44	689	-0.0058	1.0000	0.000005	0.000502	0.000035	0.000501
TCI_Raw         	OOS	22449811	0.1812	73.009	0.184	0.605	1.13	0.550	0.000	4.44	1061	-0.0017	1.0000	0.000001	0.000279	0.000051	0.000275
Vel_Inst        	IS	47260210	0.0629	45.071	0.052	0.542	0.48	0.479	0.330	3.44	689	-0.1563	29.8089	0.000005	0.000502	0.000941	0.018246
Vel_Inst        	OOS	22449811	0.1297	51.731	0.105	0.605	0.54	0.408	0.293	4.44	1061	-0.1793	24.4104	0.000001	0.000279	0.000885	0.008403

-- ETHUSDT | Horizon: 10.000s (10000 ms) --
FEATURE	SET	COUNT	IC	IC_T	Sharpe	HitRate	B/E_Bps	AutoCorr	AutoCorrAbs	AvgSeg	MaxSeg	MeanSig	StdSig	MeanRet	StdRet	MeanPnL	StdPnL
Force_DEMA_15s  	IS	47260210	0.0097	6.813	0.009	0.520	0.24	0.868	0.682	65.68	17759	0.1681	32.8787	0.000008	0.000668	0.000215	0.024942
Force_DEMA_15s  	OOS	22449811	0.0374	11.795	0.034	0.528	0.82	0.931	0.782	119.43	13988	0.0078	37.3051	0.000001	0.000364	0.000508	0.014902
Impulse_15s     	IS	47260210	-0.0006	1.632	-0.000	0.514	-0.01	0.858	0.684	97.31	21626	0.2717	31.0736	0.000008	0.000668	-0.000009	0.023589
Impulse_15s     	OOS	22449811	0.0224	6.875	0.020	0.520	0.48	0.927	0.790	177.93	17647	0.0427	35.6656	0.000001	0.000364	0.000291	0.014334
OFI_Cubic_15s   	IS	47260210	-0.0008	-0.457	-0.001	0.510	-0.51	0.994	0.995	226.75	27943	-0.0747	20.0840	0.000008	0.000668	-0.000011	0.016891
OFI_Cubic_15s   	OOS	22449811	0.0105	4.766	0.009	0.511	7.80	0.998	0.998	435.27	32656	-0.2469	20.5825	0.000001	0.000364	0.000078	0.008668
OFI_DEMA_15s    	IS	47260210	0.0193	7.109	0.019	0.520	3.55	0.963	0.964	65.68	17759	0.0230	4.5178	0.000008	0.000668	0.000058	0.003000
OFI_DEMA_15s    	OOS	22449811	0.0366	9.313	0.033	0.528	9.91	0.994	0.993	119.43	13988	-0.0166	3.4272	0.000001	0.000364	0.000046	0.001363
OFI_DEMA_5s     	IS	47260210	0.0383	18.371	0.040	0.532	4.15	0.938	0.940	32.19	10420	0.0184	6.3604	0.000008	0.000668	0.000163	0.004067
OFI_DEMA_5s     	OOS	22449811	0.0626	17.936	0.062	0.548	9.25	0.987	0.986	56.16	6814	-0.0245	5.6169	0.000001	0.000364	0.000128	0.002054
OFI_EMA_15s     	IS	47260210	0.0109	1.891	0.011	0.514	2.70	0.972	0.972	97.31	21626	0.0280	3.2789	0.000008	0.000668	0.000024	0.002180
OFI_EMA_15s     	OOS	22449811	0.0237	5.335	0.021	0.520	8.85	0.996	0.996	177.93	17647	-0.0085	2.3324	0.000001	0.000364	0.000020	0.000941
OFI_RSI_15s     	IS	47260210	0.0110	4.107	0.013	0.514	2.70	0.988	0.982	97.31	21626	0.0062	0.4389	0.000008	0.000668	0.000003	0.000255
OFI_RSI_15s     	OOS	22449811	0.0324	7.109	0.036	0.520	8.40	0.995	0.992	177.93	17647	0.0018	0.4197	0.000001	0.000364	0.000005	0.000139
OFI_Raw         	IS	47260210	0.0373	46.581	0.031	0.534	0.45	0.263	0.228	3.44	689	-0.0160	8.8128	0.000008	0.000668	0.000219	0.007183
OFI_Raw         	OOS	22449811	0.0504	42.132	0.043	0.575	0.37	0.138	0.118	4.44	1061	-0.0191	5.9789	0.000001	0.000364	0.000110	0.002540
OFI_TEMA_15s    	IS	47260210	0.0256	10.645	0.026	0.523	3.94	0.957	0.958	51.56	13403	0.0197	5.3005	0.000008	0.000668	0.000091	0.003517
OFI_TEMA_15s    	OOS	22449811	0.0451	12.005	0.043	0.534	9.97	0.993	0.992	92.84	10244	-0.0201	4.2209	0.000001	0.000364	0.000069	0.001616
Sniper_Composite	IS	47260210	0.0022	1.324	0.002	0.510	0.87	0.991	0.990	204.43	27943	-0.0266	13.0418	0.000008	0.000668	0.000019	0.011259
Sniper_Composite	OOS	22449811	0.0166	6.272	0.014	0.512	9.76	0.998	0.998	421.17	32656	-0.1530	13.3336	0.000001	0.000364	0.000080	0.005681
TCI_DEMA_15s    	IS	47260210	0.0164	3.733	0.023	0.511	1.63	0.977	0.965	40.14	12131	0.0061	0.3767	0.000008	0.000668	0.000004	0.000184
TCI_DEMA_15s    	OOS	22449811	0.0214	2.526	0.027	0.512	2.01	0.995	0.988	66.57	12480	0.0161	0.3254	0.000001	0.000364	0.000003	0.000096
TCI_EMA_15s     	IS	47260210	0.0082	-1.023	0.012	0.509	1.23	0.988	0.980	59.17	25608	0.0068	0.3020	0.000008	0.000668	0.000002	0.000142
TCI_EMA_15s     	OOS	22449811	0.0107	-1.558	0.014	0.508	1.57	0.998	0.995	102.55	36686	0.0171	0.2574	0.000001	0.000364	0.000001	0.000075
TCI_Raw         	IS	47260210	0.0515	44.415	0.051	0.534	0.59	0.418	0.000	3.44	689	-0.0058	1.0000	0.000008	0.000668	0.000034	0.000667
TCI_Raw         	OOS	22449811	0.1353	60.990	0.137	0.575	1.10	0.550	0.000	4.44	1061	-0.0017	1.0000	0.000001	0.000364	0.000049	0.000361
Vel_Inst        	IS	47260210	0.0458	38.793	0.038	0.534	0.46	0.479	0.330	3.44	689	-0.1563	29.8089	0.000008	0.000668	0.000910	0.023962
Vel_Inst        	OOS	22449811	0.0938	42.401	0.079	0.575	0.51	0.408	0.293	4.44	1061	-0.1793	24.4104	0.000001	0.000364	0.000833	0.010499

